992
868 146
373 409
338 765
498 431
474 77
12 67
790 815
231 379
356 908
89 149
32 204
401 126
68 257
332 338
831 322
7 74
576 202
54 919
449 905
297 876
184 97
339 145
512 184
48 124
305 252
260 193
62 54
937 177
858 243
224 702
34 48
50 85
318 301
784 285
531 247
243 445
96 21
636 613
190 129
3 976
274 205
283 384
232 188
346 351
165 194
120 826
247 23
528 948
3 2
798 180
692 899
315 299
83 447
13 8
176 147
285 427
314 652
410 428
897 449
178 205
160 88
267 373
221 548
405 210
596 448
287 50
201 485
24 403
534 797
541 333
271 34
634 260
692 87
167 116
179 323
802 907
575 398
820 57
240 864
691 621
61 4
389 666
558 754
929 316
196 521
460 554
394 38
144 179
577 437
985 921
958 425
479 730
70 67
395 499
495 359
555 391
198 99
238 252
320 918
829 90
491 306
39 361
10 11
539 349
9 17
90 189
40 227
226 830
9 5
256 484
521 926
349 138
489 675
313 418
236 100
97 79
29 594
807 452
685 783
288 772
300 110
493 11
939 319
427 525
644 734
230 43
186 366
472 24
73 778
120 144
708 23
36 9
279 863
77 104
54 913
667 252
347 55
889 345
60 368
446 148
40 24
130 651
606 116
711 305
332 138
4 78
279 894
126 214
583 746
14 303
378 181
800 609
857 329
524 433
81 590
612 478
523 725
326 210
740 26
66 187
4 707
470 183
329 299
103 69
27 299
514 77
595 915
781 663
490 843
801 837
297 267
301 22
35 186
698 811
36 98
258 364
264 81
488 326
38 47
113 114
973 539
510 152
153 94
278 451
73 142
199 835
628 326
4 2
25 17
597 99
736 742
847 823
244 483
174 583
723 676
586 374
59 581
285 771
311 386
112 231
196 500
802 55
776 380
682 482
313 775
282 64
47 80
31 60
389 316
497 382
24 111
788 703
645 528
880 718
435 714
957 489
134 460
371 414
167 703
923 139
579 17
95 69
137 629
779 673
73 92
432 105
382 164
100 65
24 659
649 160
416 77
387 625
142 509
971 153
721 218
143 196
30 511
109 172
466 159
732 721
59 959
809 403
5 171
369 58
990 806
309 297
949 662
20 18
11 193
65 35
76 53
203 105
202 76
35 669
977 446
16 105
14 79
458 85
42 665
442 59
182 312
41 549
658 197
967 905
296 26
618 251
729 220
891 476
77 284
5 139
909 175
470 981
871 786
24 547
300 356
226 200
909 966
101 117
385 66
14 19
72 174
478 188
71 27
399 782
84 115
421 179
206 27
407 256
1 27
360 888
895 470
608 610
66 867
285 23
283 75
508 152
20 99
238 125
617 608
688 318
236 304
988 736
342 209
657 58
344 100
7 540
188 207
9 14
10 819
860 811
51 54
165 97
933 144
572 241
63 82
432 877
536 76
639 796
78 417
496 484
381 263
632 602
3 77
133 197
200 191
387 747
642 361
169 267
49 544
307 609
474 767
242 91
377 364
482 479
954 737
518 892
686 411
713 284
353 240
292 105
352 258
179 471
246 194
763 935
506 911
940 527
133 256
953 116
267 699
345 57
43 24
44 128
115 215
693 804
522 553
202 523
672 749
917 317
374 774
13 845
125 163
951 32
655 302
156 125
648 140
31 13
336 222
221 182
241 220
108 240
177 107
53 391
534 459
755 493
852 955
560 718
225 41
444 204
717 363
11 763
883 268
229 743
670 440
621 705
176 595
310 704
639 71
98 454
810 504
759 271
910 102
764 512
978 969
175 253
582 119
76 358
130 479
7 15
473 92
162 183
14 21
13 288
76 109
39 210
166 112
62 199
358 431
1 5
526 74
440 74
508 736
508 758
701 780
38 57
922 612
718 720
821 679
689 737
331 362
47 125
192 9
3 66
785 499
295 113
768 205
599 178
442 938
171 191
960 274
284 566
24 29
646 319
494 640
350 258
414 558
328 222
840 96
964 561
893 941
392 273
331 148
848 128
348 18
151 141
986 226
395 452
51 244
173 168
587 249
112 138
2 481
399 253
223 218
217 179
982 188
62 63
202 272
685 930
684 573
201 322
469 345
12 11
88 983
209 169
422 334
148 120
448 672
487 179
593 503
21 134
192 588
624 197
538 671
509 592
58 52
623 121
426 245
992 679
348 462
663 69
305 956
558 945
394 752
398 349
169 947
258 872
201 269
515 11
936 340
522 200
435 378
477 560
311 480
281 251
687 62
81 278
290 334
854 869
532 518
887 492
812 736
180 291
598 590
130 310
222 25
950 706
640 715
279 94
914 255
513 239
175 517
5 37
580 152
180 298
613 302
902 191
827 586
317 171
325 429
633 603
39 53
248 176
319 494
64 413
293 276
157 134
748 370
448 627
146 608
383 256
16 121
227 250
506 893
439 371
486 545
115 839
645 676
502 14
20 34
104 112
63 83
494 927
250 307
856 445
337 849
17 56
363 18
556 320
643 513
367 295
733 400
111 630
301 756
357 653
185 762
549 584
56 141
309 370
984 505
965 672
180 316
10 5
459 20
679 345
528 42
674 426
719 376
760 578
503 137
380 84
436 738
621 920
50 33
521 805
174 237
249 360
129 616
305 337
537 499
751 105
862 249
69 18
928 689
254 463
96 218
70 245
635 397
518 363
689 247
24 59
72 321
662 145
57 84
192 423
565 479
750 666
991 744
313 325
46 140
806 298
72 14
147 13
280 123
427 823
752 934
787 122
18 7
654 525
162 76
6 3
339 376
133 254
289 28
190 709
620 25
2 1
551 211
615 430
450 149
626 513
347 777
605 371
962 668
589 304
211 258
786 568
146 644
131 121
718 898
448 380
779 833
38 622
273 232
177 550
47 94
80 101
489 273
672 685
874 739
235 270
410 141
369 726
224 46
159 120
800 912
741 682
589 846
313 171
234 13
130 505
10 91
621 596
338 813
6 164
93 15
10 506
652 852
113 85
656 292
339 456
195 340
268 842
846 855
421 697
449 312
120 680
946 584
107 78
952 312
851 336
969 799
208 27
504 585
989 813
925 875
20 102
239 146
138 308
524 814
822 455
45 5
58 529
38 36
137 228
494 673
116 54
886 63
225 365
119 6
327 46
52 23
55 154
968 136
961 568
520 637
552 415
219 194
123 104
724 548
44 41
794 401
396 838
143 38
181 73
387 238
563 41
34 395
63 243
890 562
453 283
324 272
896 590
42 81
520 459
60 136
96 146
49 64
129 24
229 424
21 30
117 145
173 359
870 816
212 46
664 660
201 3
434 71
108 37
45 46
562 523
30 110
169 21
133 700
420 698
217 259
88 712
420 24
178 115
445 828
560 735
402 694
41 135
412 108
70 106
79 396
421 641
818 241
11 68
716 112
364 619
661 55
343 346
489 744
137 36
274 690
54 122
260 614
400 75
195 98
45 180
21 28
249 176
234 276
710 35
126 47
49 44
766 472
824 510
213 171
354 254
376 970
799 12
611 305
31 559
542 461
133 10
170 728
304 486
55 161
19 24
16 10
975 145
200 355
573 405
678 430
604 262
268 66
160 265
916 736
433 243
491 683
710 739
795 575
288 320
366 436
108 132
832 120
770 467
35 90
660 225
792 546
24 35
466 974
262 668
471 681
706 163
758 931
196 235
374 321
518 601
761 715
633 884
73 375
461 442
171 943
7 5
476 73
705 879
200 853
290 215
443 567
693 147
296 841
657 701
263 3
850 73
277 135
315 438
262 257
393 211
33 7
158 94
84 372
773 123
558 574
465 228
120 731
139 817
801 300
437 130
155 255
603 151
91 152
379 557
402 304
882 111
600 72
259 921
834 566
154 306
561 194
538 219
89 15
527 330
415 23
42 261
171 397
942 138
319 114
443 361
29 55
22 6
535 769
861 855
430 24
696 348
75 65
707 727
136 388
19 26
387 492
136 251
110 168
346 859
803 719
185 127
188 18
844 353
128 175
119 233
107 441
375 507
7 88
228 335
225 408
474 591
559 865
597 647
836 65
266 247
87 61
120 103
963 111
170 30
533 254
924 377
125 182
275 18
789 592
119 216
220 1
68 127
41 25
171 516
372 568
404 364
54 464
88 455
314 80
530 7
99 602
91 457
171 900
878 213
294 149
90 722
38 51
23 17
507 757
546 125
360 519
903 754
569 301
414 570
127 302
482 650
791 738
543 319
155 77
972 416
7 8
23 881
854 493
475 267
223 330
501 407
462 564
66 118
586 875
390 104
550 578
39 343
932 921
906 739
49 341
371 346
86 17
504 469
677 672
356 411
39 21
695 42
255 406
220 638
